Iter 1
ITER: 1 on line 224
ITER: 1 on line 239
ITER: 1 on line 251
ITER: 1 on line 257
0 0
0 0
0 0
0 0
0 0
0 0
0 0
0 0
0 0
0 0
0 0
0 0
0 0
0 0
0 0
0 0
0 0
0 0
0 0
0 0
0 0
0 0
0 0
0 0
0 0
0 0
0 0
0 0
0 0
0 0
0 0
0 0
0 0
0 0
0 0
0 0
0 0
0 0
0 0
0 0
0 0
0 0
0 0
0 0
0 0
0 0
0 0
Iter 2
ITER: 2 on line 224
ITER: 2 on line 239
ITER: 2 on line 251
0 1
1 0
1 0
0 0
1 0
0 0
0 0
0 0
1 0
0 0
0 0
0 0
0 0
0 0
0 0
0 0
1 0
0 0
0 0
0 0
0 0
0 0
0 0
0 0
0 0
0 0
0 0
0 0
0 0
0 0
0 0
0 0
1 0
0 0
0 0
0 0
0 0
0 0
0 0
0 0
0 0
0 0
0 0
0 0
0 0
0 0
0 0
ITER: 2 on line 257
0 1
0 0
0 0
0 0
0 0
0 0
0 0
0 0
0 0
0 0
0 0
0 0
0 0
0 0
0 0
0 0
0 0
0 0
0 0
0 0
0 0
0 0
0 0
0 0
0 0
0 0
0 0
0 0
0 0
0 0
0 0
0 0
0 0
0 0
0 0
0 0
0 0
0 0
0 0
0 0
0 0
0 0
0 0
0 0
0 0
0 0
0 0
Iter 3
ITER: 3 on line 224
ITER: 3 on line 239
ITER: 3 on line 251
0 2
0 0
1 0
0 0
1 0
0 0
0 0
0 0
1 0
0 0
0 0
0 0
0 0
0 0
0 0
0 0
1 0
0 0
0 0
0 0
0 0
0 0
0 0
0 0
0 0
0 0
0 0
0 0
0 0
0 0
0 0
0 0
1 0
0 0
0 0
0 0
0 0
0 0
0 0
0 0
0 0
0 0
0 0
0 0
0 0
0 0
0 0
ITER: 3 on line 257
0 2
0 0
0 0
0 0
0 0
0 0
0 0
0 0
0 0
0 0
0 0
0 0
0 0
0 0
0 0
0 0
0 0
0 0
0 0
0 0
0 0
0 0
0 0
0 0
0 0
0 0
0 0
0 0
0 0
0 0
0 0
0 0
0 0
0 0
0 0
0 0
0 0
0 0
0 0
0 0
0 0
0 0
0 0
0 0
0 0
0 0
0 0
Iter 4
ITER: 4 on line 224
ITER: 4 on line 239
ITER: 4 on line 251
0 3
0 0
0 0
1 0
1 0
0 0
0 0
0 0
1 0
0 0
0 0
0 0
0 0
0 0
0 0
0 0
1 0
0 0
0 0
0 0
0 0
0 0
0 0
0 0
0 0
0 0
0 0
0 0
0 0
0 0
0 0
0 0
1 0
0 0
0 0
0 0
0 0
0 0
0 0
0 0
0 0
0 0
0 0
0 0
0 0
0 0
0 0
ITER: 4 on line 257
0 3
0 0
0 0
0 0
0 0
0 0
0 0
0 0
0 0
0 0
0 0
0 0
0 0
0 0
0 0
0 0
0 0
0 0
0 0
0 0
0 0
0 0
0 0
0 0
0 0
0 0
0 0
0 0
0 0
0 0
0 0
0 0
0 0
0 0
0 0
0 0
0 0
0 0
0 0
0 0
0 0
0 0
0 0
0 0
0 0
0 0
0 0
Iter 5
ITER: 5 on line 224
ITER: 5 on line 239
ITER: 5 on line 251
0 4
0 0
0 0
0 0
1 0
0 0
0 0
0 0
1 0
0 0
0 0
0 0
0 0
0 0
0 0
0 0
1 0
0 0
0 0
0 0
0 0
0 0
0 0
0 0
0 0
0 0
0 0
0 0
0 0
0 0
0 0
0 0
1 0
0 0
0 0
0 0
0 0
0 0
0 0
0 0
0 0
0 0
0 0
0 0
0 0
0 0
0 0
ITER: 5 on line 257
0 4
0 0
0 0
0 0
0 0
0 0
0 0
0 0
0 0
0 0
0 0
0 0
0 0
0 0
0 0
0 0
0 0
0 0
0 0
0 0
0 0
0 0
0 0
0 0
0 0
0 0
0 0
0 0
0 0
0 0
0 0
0 0
0 0
0 0
0 0
0 0
0 0
0 0
0 0
0 0
0 0
0 0
0 0
0 0
0 0
0 0
0 0
Iter 6
ITER: 6 on line 224
ITER: 6 on line 239
ITER: 6 on line 251
ITER: 6 on line 257
0 5
0 0
0 0
0 0
0 0
1 0
1 0
0 0
1 0
0 0
0 0
0 0
0 0
0 0
0 0
0 0
1 0
0 0
0 0
0 0
0 0
0 0
0 0
0 0
0 0
0 0
0 0
0 0
0 0
0 0
0 0
0 0
1 0
0 0
0 0
0 0
0 0
0 0
0 0
0 0
0 0
0 0
0 0
0 0
0 0
0 0
0 0
Iter 7
ITER: 7 on line 224
ITER: 7 on line 239
ITER: 7 on line 251
ITER: 7 on line 257
0 5
0 0
0 0
0 0
0 6
1 0
2 0
0 0
2 0
0 0
0 0
0 0
0 0
0 0
0 0
0 0
2 0
0 0
0 0
0 0
0 0
0 0
0 0
0 0
0 0
0 0
0 0
0 0
0 0
0 0
0 0
0 0
2 0
0 0
0 0
0 0
0 0
0 0
0 0
0 0
0 0
0 0
0 0
0 0
0 0
0 0
0 0
Iter 8
ITER: 8 on line 224
ITER: 8 on line 239
ITER: 8 on line 251
ITER: 8 on line 257
0 5
0 0
0 0
0 7
0 6
1 0
2 0
1 0
3 0
0 0
0 0
0 0
0 0
0 0
0 0
0 0
3 0
0 0
0 0
0 0
0 0
0 0
0 0
0 0
0 0
0 0
0 0
0 0
0 0
0 0
0 0
0 0
3 0
0 0
0 0
0 0
0 0
0 0
0 0
0 0
0 0
0 0
0 0
0 0
0 0
0 0
0 0
Iter 9
ITER: 9 on line 224
ITER: 9 on line 239
ITER: 9 on line 251
ITER: 9 on line 257
0 5
0 0
0 0
0 7
0 6
1 8
2 0
1 0
4 0
0 0
0 0
0 0
0 0
0 0
0 0
0 0
4 0
0 0
0 0
0 0
0 0
0 0
0 0
0 0
0 0
0 0
0 0
0 0
0 0
0 0
0 0
0 0
4 0
0 0
0 0
0 0
0 0
0 0
0 0
0 0
0 0
0 0
0 0
0 0
0 0
0 0
0 0
Iter 10
ITER: 10 on line 224
ITER: 10 on line 239
ITER: 10 on line 251
0 5
0 9
0 0
0 7
0 6
1 8
2 0
1 0
4 0
1 0
1 0
0 0
1 0
0 0
0 0
0 0
5 0
0 0
0 0
0 0
0 0
0 0
0 0
0 0
0 0
0 0
0 0
0 0
0 0
0 0
0 0
0 0
5 0
0 0
0 0
0 0
0 0
0 0
0 0
0 0
0 0
0 0
0 0
0 0
0 0
0 0
0 0
ITER: 10 on line 257
0 5
0 9
0 0
0 7
0 6
1 8
2 0
1 0
3 0
1 0
1 0
0 0
1 0
0 0
0 0
0 0
4 0
0 0
0 0
0 0
0 0
0 0
0 0
0 0
0 0
0 0
0 0
0 0
0 0
0 0
0 0
0 0
4 0
0 0
0 0
0 0
0 0
0 0
0 0
0 0
0 0
0 0
0 0
0 0
0 0
0 0
0 0
Iter 11
ITER: 11 on line 224
ITER: 11 on line 239
ITER: 11 on line 251
0 5
0 9
0 0
0 7
0 6
1 10
2 0
1 0
3 0
1 0
2 0
0 0
2 0
0 0
0 0
0 0
5 0
0 0
0 0
0 0
0 0
0 0
0 0
0 0
0 0
0 0
0 0
0 0
0 0
0 0
0 0
0 0
5 0
0 0
0 0
0 0
0 0
0 0
0 0
0 0
0 0
0 0
0 0
0 0
0 0
0 0
0 0
ITER: 11 on line 257
0 5
0 9
0 0
0 7
0 6
1 10
2 0
1 0
3 0
0 0
1 0
0 0
1 0
0 0
0 0
0 0
4 0
0 0
0 0
0 0
0 0
0 0
0 0
0 0
0 0
0 0
0 0
0 0
0 0
0 0
0 0
0 0
4 0
0 0
0 0
0 0
0 0
0 0
0 0
0 0
0 0
0 0
0 0
0 0
0 0
0 0
0 0
Iter 12
ITER: 12 on line 224
left[stack[ss - 1]] = 10, stack[ss - 1] = 11, ss = 12
Query(10, 11)
nDistinct = 2
ITER: 12 on line 239
ITER: 12 on line 251
0 5
0 11
0 0
0 7
0 6
1 10
2 0
1 0
3 0
0 0
1 0
1 0
2 0
0 0
0 0
0 0
5 0
0 0
0 0
0 0
0 0
0 0
0 0
0 0
0 0
0 0
0 0
0 0
0 0
0 0
0 0
0 0
5 0
0 0
0 0
0 0
0 0
0 0
0 0
0 0
0 0
0 0
0 0
0 0
0 0
0 0
0 0
ITER: 12 on line 257
0 5
0 11
0 0
0 7
0 6
0 10
1 0
1 0
2 0
0 0
1 0
1 0
2 0
0 0
0 0
0 0
4 0
0 0
0 0
0 0
0 0
0 0
0 0
0 0
0 0
0 0
0 0
0 0
0 0
0 0
0 0
0 0
4 0
0 0
0 0
0 0
0 0
0 0
0 0
0 0
0 0
0 0
0 0
0 0
0 0
0 0
0 0
Iter 13
ITER: 13 on line 224
ITER: 13 on line 239
ITER: 13 on line 251
ITER: 13 on line 257
0 12
0 11
0 0
0 7
0 6
0 10
1 0
1 0
2 0
0 0
1 0
1 0
3 0
0 0
0 0
0 0
5 0
0 0
0 0
0 0
0 0
0 0
0 0
0 0
0 0
0 0
0 0
0 0
0 0
0 0
0 0
0 0
5 0
0 0
0 0
0 0
0 0
0 0
0 0
0 0
0 0
0 0
0 0
0 0
0 0
0 0
0 0
Iter 14
ITER: 14 on line 224
left[stack[ss - 1]] = 12, stack[ss - 1] = 13, ss = 13
Query(12, 13)
nDistinct = 2
left[stack[ss - 1]] = 10, stack[ss - 1] = 12, ss = 12
Query(10, 13)
nDistinct = 4
left[stack[ss - 1]] = 6, stack[ss - 1] = 10, ss = 11
Query(6, 13)
nDistinct = 6
left[stack[ss - 1]] = 6, stack[ss - 1] = 9, ss = 10
Query(6, 13)
nDistinct = 6
left[stack[ss - 1]] = 6, stack[ss - 1] = 8, ss = 9
Query(6, 13)
nDistinct = 6
left[stack[ss - 1]] = 6, stack[ss - 1] = 7, ss = 8
Query(6, 13)
nDistinct = 6
ITER: 14 on line 239
ITER: 14 on line 251
0 12
0 11
0 13
0 7
0 6
0 10
1 0
1 0
2 0
0 0
1 0
1 0
3 0
1 0
1 0
0 0
6 0
0 0
0 0
0 0
0 0
0 0
0 0
0 0
0 0
0 0
0 0
0 0
0 0
0 0
0 0
0 0
6 0
0 0
0 0
0 0
0 0
0 0
0 0
0 0
0 0
0 0
0 0
0 0
0 0
0 0
0 0
ITER: 14 on line 257
0 12
0 11
0 13
0 7
0 6
0 10
0 0
1 0
1 0
0 0
1 0
1 0
3 0
1 0
1 0
0 0
5 0
0 0
0 0
0 0
0 0
0 0
0 0
0 0
0 0
0 0
0 0
0 0
0 0
0 0
0 0
0 0
5 0
0 0
0 0
0 0
0 0
0 0
0 0
0 0
0 0
0 0
0 0
0 0
0 0
0 0
0 0
0 12
0 11
0 13
0 7
0 14
0 10
0 0
1 0
1 0
0 0
1 0
1 0
3 0
1 0
2 0
0 0
6 0
0 0
0 0
0 0
0 0
0 0
0 0
0 0
0 0
0 0
0 0
0 0
0 0
0 0
0 0
0 0
6 0
0 0
0 0
0 0
0 0
0 0
0 0
0 0
0 0
0 0
0 0
0 0
0 0
0 0
0 0
0 12
0 11
0 13
0 7
0 14
0 10
0 0
1 0
1 0
0 0
0 0
1 0
2 0
1 0
2 0
0 0
5 0
0 0
0 0
0 0
0 0
0 0
0 0
0 0
0 0
0 0
0 0
0 0
0 0
0 0
0 0
0 0
5 0
0 0
0 0
0 0
0 0
0 0
0 0
0 0
0 0
0 0
0 0
0 0
0 0
0 0
0 0
0 12
0 11
0 13
0 7
0 14
0 15
0 0
1 0
1 0
0 0
0 0
1 0
2 0
1 0
2 0
1 0
6 0
0 0
0 0
0 0
0 0
0 0
0 0
0 0
0 0
0 0
0 0
0 0
0 0
0 0
0 0
0 0
6 0
0 0
0 0
0 0
0 0
0 0
0 0
0 0
0 0
0 0
0 0
0 0
0 0
0 0
0 0
0 12
0 11
0 13
0 7
0 14
0 15
0 0
1 0
1 0
0 0
0 0
0 0
1 0
1 0
2 0
1 0
5 0
0 0
0 0
0 0
0 0
0 0
0 0
0 0
0 0
0 0
0 0
0 0
0 0
0 0
0 0
0 0
5 0
0 0
0 0
0 0
0 0
0 0
0 0
0 0
0 0
0 0
0 0
0 0
0 0
0 0
0 0
0 12
0 16
0 13
0 7
0 14
0 15
0 0
1 0
1 0
0 0
0 0
0 0
1 0
1 0
2 0
1 0
6 0
0 0
0 0
0 0
0 0
0 0
0 0
0 0
0 0
0 0
0 0
0 0
0 0
0 0
0 0
0 0
6 0
0 0
0 0
0 0
0 0
0 0
0 0
0 0
0 0
0 0
0 0
0 0
0 0
0 0
0 0
0 12
0 16
0 13
0 7
0 14
0 15
0 0
1 0
1 0
0 0
0 0
0 0
1 0
1 0
2 0
0 0
5 0
0 0
0 0
0 0
0 0
0 0
0 0
0 0
0 0
0 0
0 0
0 0
0 0
0 0
0 0
0 0
5 0
0 0
0 0
0 0
0 0
0 0
0 0
0 0
0 0
0 0
0 0
0 0
0 0
0 0
0 0
0 12
0 16
0 13
0 7
0 14
0 17
0 0
1 0
1 0
0 0
0 0
0 0
1 0
1 0
2 0
0 0
5 0
1 0
1 0
0 0
1 0
0 0
0 0
0 0
1 0
0 0
0 0
0 0
0 0
0 0
0 0
0 0
6 0
0 0
0 0
0 0
0 0
0 0
0 0
0 0
0 0
0 0
0 0
0 0
0 0
0 0
0 0
0 12
0 16
0 13
0 7
0 14
0 17
0 0
1 0
1 0
0 0
0 0
0 0
0 0
1 0
2 0
0 0
4 0
1 0
1 0
0 0
1 0
0 0
0 0
0 0
1 0
0 0
0 0
0 0
0 0
0 0
0 0
0 0
5 0
0 0
0 0
0 0
0 0
0 0
0 0
0 0
0 0
0 0
0 0
0 0
0 0
0 0
0 0
0 18
0 16
0 13
0 7
0 14
0 17
0 0
1 0
1 0
0 0
0 0
0 0
0 0
1 0
2 0
0 0
4 0
1 0
2 0
0 0
2 0
0 0
0 0
0 0
2 0
0 0
0 0
0 0
0 0
0 0
0 0
0 0
6 0
0 0
0 0
0 0
0 0
0 0
0 0
0 0
0 0
0 0
0 0
0 0
0 0
0 0
0 0
0 18
0 16
0 13
0 7
0 14
0 17
0 0
0 0
0 0
0 0
0 0
0 0
0 0
1 0
2 0
0 0
3 0
1 0
2 0
0 0
2 0
0 0
0 0
0 0
2 0
0 0
0 0
0 0
0 0
0 0
0 0
0 0
5 0
0 0
0 0
0 0
0 0
0 0
0 0
0 0
0 0
0 0
0 0
0 0
0 0
0 0
0 0
0 18
0 16
0 13
0 19
0 14
0 17
0 0
0 0
0 0
0 0
0 0
0 0
0 0
1 0
2 0
0 0
3 0
1 0
2 0
1 0
3 0
0 0
0 0
0 0
3 0
0 0
0 0
0 0
0 0
0 0
0 0
0 0
6 0
0 0
0 0
0 0
0 0
0 0
0 0
0 0
0 0
0 0
0 0
0 0
0 0
0 0
0 0
0 18
0 16
0 13
0 19
0 14
0 17
0 0
0 0
0 0
0 0
0 0
0 0
0 0
0 0
1 0
0 0
2 0
1 0
2 0
1 0
3 0
0 0
0 0
0 0
3 0
0 0
0 0
0 0
0 0
0 0
0 0
0 0
5 0
0 0
0 0
0 0
0 0
0 0
0 0
0 0
0 0
0 0
0 0
0 0
0 0
0 0
0 0
left[stack[ss - 1]] = 18, stack[ss - 1] = 20, ss = 14
Query(18, 20)
nDistinct = 3
left[stack[ss - 1]] = 18, stack[ss - 1] = 19, ss = 13
Query(18, 20)
nDistinct = 3
left[stack[ss - 1]] = 15, stack[ss - 1] = 18, ss = 12
Query(15, 20)
nDistinct = 5
left[stack[ss - 1]] = 15, stack[ss - 1] = 17, ss = 11
Query(15, 20)
nDistinct = 5
left[stack[ss - 1]] = 15, stack[ss - 1] = 16, ss = 10
Query(15, 20)
nDistinct = 5
0 18
0 16
0 20
0 19
0 14
0 17
0 0
0 0
0 0
0 0
0 0
0 0
0 0
0 0
1 0
0 0
2 0
1 0
2 0
1 0
4 0
0 0
0 0
0 0
4 0
0 0
0 0
0 0
0 0
0 0
0 0
0 0
6 0
0 0
0 0
0 0
0 0
0 0
0 0
0 0
0 0
0 0
0 0
0 0
0 0
0 0
0 0
0 18
0 16
0 20
0 19
0 14
0 17
0 0
0 0
0 0
0 0
0 0
0 0
0 0
0 0
1 0
0 0
2 0
1 0
2 0
0 0
3 0
0 0
0 0
0 0
3 0
0 0
0 0
0 0
0 0
0 0
0 0
0 0
5 0
0 0
0 0
0 0
0 0
0 0
0 0
0 0
0 0
0 0
0 0
0 0
0 0
0 0
0 0
0 18
0 16
0 20
0 21
0 14
0 17
0 0
0 0
0 0
0 0
0 0
0 0
0 0
0 0
1 0
0 0
2 0
1 0
2 0
0 0
3 0
1 0
1 0
0 0
4 0
0 0
0 0
0 0
0 0
0 0
0 0
0 0
6 0
0 0
0 0
0 0
0 0
0 0
0 0
0 0
0 0
0 0
0 0
0 0
0 0
0 0
0 0
0 18
0 16
0 20
0 21
0 14
0 17
0 0
0 0
0 0
0 0
0 0
0 0
0 0
0 0
1 0
0 0
1 0
1 0
2 0
0 0
3 0
1 0
1 0
0 0
4 0
0 0
0 0
0 0
0 0
0 0
0 0
0 0
5 0
0 0
0 0
0 0
0 0
0 0
0 0
0 0
0 0
0 0
0 0
0 0
0 0
0 0
0 0
0 18
0 22
0 20
0 21
0 14
0 17
0 0
0 0
0 0
0 0
0 0
0 0
0 0
0 0
1 0
0 0
1 0
1 0
2 0
0 0
3 0
1 0
2 0
0 0
5 0
0 0
0 0
0 0
0 0
0 0
0 0
0 0
6 0
0 0
0 0
0 0
0 0
0 0
0 0
0 0
0 0
0 0
0 0
0 0
0 0
0 0
0 0
0 18
0 22
0 20
0 21
0 14
0 17
0 0
0 0
0 0
0 0
0 0
0 0
0 0
0 0
0 0
0 0
0 0
1 0
2 0
0 0
3 0
1 0
2 0
0 0
5 0
0 0
0 0
0 0
0 0
0 0
0 0
0 0
5 0
0 0
0 0
0 0
0 0
0 0
0 0
0 0
0 0
0 0
0 0
0 0
0 0
0 0
0 0
left[stack[ss - 1]] = 22, stack[ss - 1] = 23, ss = 12
Query(22, 23)
nDistinct = 2
0 18
0 22
0 20
0 21
0 23
0 17
0 0
0 0
0 0
0 0
0 0
0 0
0 0
0 0
0 0
0 0
0 0
1 0
2 0
0 0
3 0
1 0
2 0
1 0
6 0
0 0
0 0
0 0
0 0
0 0
0 0
0 0
6 0
0 0
0 0
0 0
0 0
0 0
0 0
0 0
0 0
0 0
0 0
0 0
0 0
0 0
0 0
0 18
0 22
0 20
0 21
0 23
0 17
0 0
0 0
0 0
0 0
0 0
0 0
0 0
0 0
0 0
0 0
0 0
1 0
2 0
0 0
3 0
0 0
1 0
1 0
5 0
0 0
0 0
0 0
0 0
0 0
0 0
0 0
5 0
0 0
0 0
0 0
0 0
0 0
0 0
0 0
0 0
0 0
0 0
0 0
0 0
0 0
0 0
0 18
0 22
0 20
0 24
0 23
0 17
0 0
0 0
0 0
0 0
0 0
0 0
0 0
0 0
0 0
0 0
0 0
1 0
2 0
0 0
3 0
0 0
1 0
1 0
6 0
0 0
0 0
0 0
0 0
0 0
0 0
0 0
6 0
0 0
0 0
0 0
0 0
0 0
0 0
0 0
0 0
0 0
0 0
0 0
0 0
0 0
0 0
0 18
0 22
0 20
0 24
0 23
0 17
0 0
0 0
0 0
0 0
0 0
0 0
0 0
0 0
0 0
0 0
0 0
1 0
2 0
0 0
3 0
0 0
1 0
0 0
5 0
0 0
0 0
0 0
0 0
0 0
0 0
0 0
5 0
0 0
0 0
0 0
0 0
0 0
0 0
0 0
0 0
0 0
0 0
0 0
0 0
0 0
0 0
0 18
0 22
0 20
0 24
0 25
0 17
0 0
0 0
0 0
0 0
0 0
0 0
0 0
0 0
0 0
0 0
0 0
1 0
2 0
0 0
3 0
0 0
1 0
0 0
5 0
1 0
1 0
0 0
1 0
0 0
0 0
0 0
6 0
0 0
0 0
0 0
0 0
0 0
0 0
0 0
0 0
0 0
0 0
0 0
0 0
0 0
0 0
0 18
0 22
0 20
0 24
0 25
0 17
0 0
0 0
0 0
0 0
0 0
0 0
0 0
0 0
0 0
0 0
0 0
1 0
2 0
0 0
3 0
0 0
1 0
0 0
4 0
1 0
1 0
0 0
1 0
0 0
0 0
0 0
5 0
0 0
0 0
0 0
0 0
0 0
0 0
0 0
0 0
0 0
0 0
0 0
0 0
0 0
0 0
0 18
0 22
0 20
0 26
0 25
0 17
0 0
0 0
0 0
0 0
0 0
0 0
0 0
0 0
0 0
0 0
0 0
1 0
2 0
0 0
3 0
0 0
1 0
0 0
4 0
1 0
2 0
0 0
2 0
0 0
0 0
0 0
6 0
0 0
0 0
0 0
0 0
0 0
0 0
0 0
0 0
0 0
0 0
0 0
0 0
0 0
0 0
0 18
0 22
0 20
0 26
0 25
0 17
0 0
0 0
0 0
0 0
0 0
0 0
0 0
0 0
0 0
0 0
0 0
0 0
1 0
0 0
2 0
0 0
1 0
0 0
3 0
1 0
2 0
0 0
2 0
0 0
0 0
0 0
5 0
0 0
0 0
0 0
0 0
0 0
0 0
0 0
0 0
0 0
0 0
0 0
0 0
0 0
0 0
0 18
0 22
0 20
0 26
0 25
0 27
0 0
0 0
0 0
0 0
0 0
0 0
0 0
0 0
0 0
0 0
0 0
0 0
1 0
0 0
2 0
0 0
1 0
0 0
3 0
1 0
2 0
1 0
3 0
0 0
0 0
0 0
6 0
0 0
0 0
0 0
0 0
0 0
0 0
0 0
0 0
0 0
0 0
0 0
0 0
0 0
0 0
0 18
0 22
0 20
0 26
0 25
0 27
0 0
0 0
0 0
0 0
0 0
0 0
0 0
0 0
0 0
0 0
0 0
0 0
1 0
0 0
2 0
0 0
0 0
0 0
2 0
1 0
2 0
1 0
3 0
0 0
0 0
0 0
5 0
0 0
0 0
0 0
0 0
0 0
0 0
0 0
0 0
0 0
0 0
0 0
0 0
0 0
0 0
left[stack[ss - 1]] = 27, stack[ss - 1] = 28, ss = 16
Query(27, 28)
nDistinct = 2
0 18
0 28
0 20
0 26
0 25
0 27
0 0
0 0
0 0
0 0
0 0
0 0
0 0
0 0
0 0
0 0
0 0
0 0
1 0
0 0
2 0
0 0
0 0
0 0
2 0
1 0
2 0
1 0
4 0
0 0
0 0
0 0
6 0
0 0
0 0
0 0
0 0
0 0
0 0
0 0
0 0
0 0
0 0
0 0
0 0
0 0
0 0
0 18
0 28
0 20
0 26
0 25
0 27
0 0
0 0
0 0
0 0
0 0
0 0
0 0
0 0
0 0
0 0
0 0
0 0
0 0
0 0
1 0
0 0
0 0
0 0
1 0
1 0
2 0
1 0
4 0
0 0
0 0
0 0
5 0
0 0
0 0
0 0
0 0
0 0
0 0
0 0
0 0
0 0
0 0
0 0
0 0
0 0
0 0
left[stack[ss - 1]] = 27, stack[ss - 1] = 29, ss = 16
Query(27, 29)
nDistinct = 3
left[stack[ss - 1]] = 25, stack[ss - 1] = 27, ss = 15
Query(25, 29)
nDistinct = 5
left[stack[ss - 1]] = 25, stack[ss - 1] = 26, ss = 14
Query(25, 29)
nDistinct = 5
0 29
0 28
0 20
0 26
0 25
0 27
0 0
0 0
0 0
0 0
0 0
0 0
0 0
0 0
0 0
0 0
0 0
0 0
0 0
0 0
1 0
0 0
0 0
0 0
1 0
1 0
2 0
1 0
4 0
1 0
1 0
0 0
6 0
0 0
0 0
0 0
0 0
0 0
0 0
0 0
0 0
0 0
0 0
0 0
0 0
0 0
0 0
0 29
0 28
0 20
0 26
0 25
0 27
0 0
0 0
0 0
0 0
0 0
0 0
0 0
0 0
0 0
0 0
0 0
0 0
0 0
0 0
1 0
0 0
0 0
0 0
1 0
1 0
2 0
0 0
3 0
1 0
1 0
0 0
5 0
0 0
0 0
0 0
0 0
0 0
0 0
0 0
0 0
0 0
0 0
0 0
0 0
0 0
0 0
left[stack[ss - 1]] = 25, stack[ss - 1] = 30, ss = 14
Query(25, 30)
nDistinct = 5
0 29
0 28
0 20
0 26
0 25
0 30
0 0
0 0
0 0
0 0
0 0
0 0
0 0
0 0
0 0
0 0
0 0
0 0
0 0
0 0
1 0
0 0
0 0
0 0
1 0
1 0
2 0
0 0
3 0
1 0
2 0
0 0
6 0
0 0
0 0
0 0
0 0
0 0
0 0
0 0
0 0
0 0
0 0
0 0
0 0
0 0
0 0
0 29
0 28
0 20
0 26
0 25
0 30
0 0
0 0
0 0
0 0
0 0
0 0
0 0
0 0
0 0
0 0
0 0
0 0
0 0
0 0
1 0
0 0
0 0
0 0
1 0
0 0
1 0
0 0
2 0
1 0
2 0
0 0
5 0
0 0
0 0
0 0
0 0
0 0
0 0
0 0
0 0
0 0
0 0
0 0
0 0
0 0
0 0
0 29
0 28
0 20
0 26
0 31
0 30
0 0
0 0
0 0
0 0
0 0
0 0
0 0
0 0
0 0
0 0
0 0
0 0
0 0
0 0
1 0
0 0
0 0
0 0
1 0
0 0
1 0
0 0
2 0
1 0
2 0
1 0
6 0
0 0
0 0
0 0
0 0
0 0
0 0
0 0
0 0
0 0
0 0
0 0
0 0
0 0
0 0
0 29
0 28
0 20
0 26
0 31
0 30
0 0
0 0
0 0
0 0
0 0
0 0
0 0
0 0
0 0
0 0
0 0
0 0
0 0
0 0
0 0
0 0
0 0
0 0
0 0
0 0
1 0
0 0
2 0
1 0
2 0
1 0
5 0
0 0
0 0
0 0
0 0
0 0
0 0
0 0
0 0
0 0
0 0
0 0
0 0
0 0
0 0
0 29
0 28
0 32
0 26
0 31
0 30
0 0
0 0
0 0
0 0
0 0
0 0
0 0
0 0
0 0
0 0
0 0
0 0
0 0
0 0
0 0
0 0
0 0
0 0
0 0
0 0
1 0
0 0
2 0
1 0
2 0
1 0
6 0
0 0
0 0
0 0
0 0
0 0
0 0
0 0
0 0
0 0
0 0
0 0
0 0
0 0
0 0
0 29
0 28
0 32
0 26
0 31
0 30
0 0
0 0
0 0
0 0
0 0
0 0
0 0
0 0
0 0
0 0
0 0
0 0
0 0
0 0
0 0
0 0
0 0
0 0
0 0
0 0
1 0
0 0
1 0
1 0
2 0
1 0
5 0
0 0
0 0
0 0
0 0
0 0
0 0
0 0
0 0
0 0
0 0
0 0
0 0
0 0
0 0
left[stack[ss - 1]] = 31, stack[ss - 1] = 33, ss = 16
Query(31, 33)
nDistinct = 3
left[stack[ss - 1]] = 31, stack[ss - 1] = 32, ss = 15
Query(31, 33)
nDistinct = 3
0 29
0 33
0 32
0 26
0 31
0 30
0 0
0 0
0 0
0 0
0 0
0 0
0 0
0 0
0 0
0 0
0 0
0 0
0 0
0 0
0 0
0 0
0 0
0 0
0 0
0 0
1 0
0 0
1 0
1 0
2 0
1 0
5 0
1 0
1 0
0 0
1 0
0 0
0 0
0 0
1 0
0 0
0 0
0 0
0 0
0 0
0 0
0 29
0 33
0 32
0 26
0 31
0 30
0 0
0 0
0 0
0 0
0 0
0 0
0 0
0 0
0 0
0 0
0 0
0 0
0 0
0 0
0 0
0 0
0 0
0 0
0 0
0 0
1 0
0 0
1 0
1 0
2 0
0 0
4 0
1 0
1 0
0 0
1 0
0 0
0 0
0 0
1 0
0 0
0 0
0 0
0 0
0 0
0 0
0 29
0 33
0 32
0 26
0 34
0 30
0 0
0 0
0 0
0 0
0 0
0 0
0 0
0 0
0 0
0 0
0 0
0 0
0 0
0 0
0 0
0 0
0 0
0 0
0 0
0 0
1 0
0 0
1 0
1 0
2 0
0 0
4 0
1 0
2 0
0 0
2 0
0 0
0 0
0 0
2 0
0 0
0 0
0 0
0 0
0 0
0 0
0 29
0 33
0 32
0 26
0 34
0 30
0 0
0 0
0 0
0 0
0 0
0 0
0 0
0 0
0 0
0 0
0 0
0 0
0 0
0 0
0 0
0 0
0 0
0 0
0 0
0 0
1 0
0 0
1 0
1 0
2 0
0 0
3 0
1 0
2 0
0 0
2 0
0 0
0 0
0 0
2 0
0 0
0 0
0 0
0 0
0 0
0 0
0 29
0 33
0 35
0 26
0 34
0 30
0 0
0 0
0 0
0 0
0 0
0 0
0 0
0 0
0 0
0 0
0 0
0 0
0 0
0 0
0 0
0 0
0 0
0 0
0 0
0 0
1 0
0 0
1 0
1 0
2 0
0 0
3 0
1 0
2 0
1 0
3 0
0 0
0 0
0 0
3 0
0 0
0 0
0 0
0 0
0 0
0 0
0 29
0 33
0 35
0 26
0 34
0 30
0 0
0 0
0 0
0 0
0 0
0 0
0 0
0 0
0 0
0 0
0 0
0 0
0 0
0 0
0 0
0 0
0 0
0 0
0 0
0 0
1 0
0 0
1 0
0 0
1 0
0 0
2 0
1 0
2 0
1 0
3 0
0 0
0 0
0 0
3 0
0 0
0 0
0 0
0 0
0 0
0 0
0 36
0 33
0 35
0 26
0 34
0 30
0 0
0 0
0 0
0 0
0 0
0 0
0 0
0 0
0 0
0 0
0 0
0 0
0 0
0 0
0 0
0 0
0 0
0 0
0 0
0 0
1 0
0 0
1 0
0 0
1 0
0 0
2 0
1 0
2 0
1 0
4 0
0 0
0 0
0 0
4 0
0 0
0 0
0 0
0 0
0 0
0 0
0 36
0 33
0 35
0 26
0 34
0 30
0 0
0 0
0 0
0 0
0 0
0 0
0 0
0 0
0 0
0 0
0 0
0 0
0 0
0 0
0 0
0 0
0 0
0 0
0 0
0 0
0 0
0 0
0 0
0 0
1 0
0 0
1 0
1 0
2 0
1 0
4 0
0 0
0 0
0 0
4 0
0 0
0 0
0 0
0 0
0 0
0 0
0 36
0 33
0 35
0 37
0 34
0 30
0 0
0 0
0 0
0 0
0 0
0 0
0 0
0 0
0 0
0 0
0 0
0 0
0 0
0 0
0 0
0 0
0 0
0 0
0 0
0 0
0 0
0 0
0 0
0 0
1 0
0 0
1 0
1 0
2 0
1 0
4 0
1 0
1 0
0 0
5 0
0 0
0 0
0 0
0 0
0 0
0 0
0 36
0 33
0 35
0 37
0 34
0 30
0 0
0 0
0 0
0 0
0 0
0 0
0 0
0 0
0 0
0 0
0 0
0 0
0 0
0 0
0 0
0 0
0 0
0 0
0 0
0 0
0 0
0 0
0 0
0 0
1 0
0 0
1 0
1 0
2 0
0 0
3 0
1 0
1 0
0 0
4 0
0 0
0 0
0 0
0 0
0 0
0 0
left[stack[ss - 1]] = 36, stack[ss - 1] = 38, ss = 19
Query(36, 38)
nDistinct = 3
left[stack[ss - 1]] = 36, stack[ss - 1] = 37, ss = 18
Query(36, 38)
nDistinct = 3
0 36
0 33
0 38
0 37
0 34
0 30
0 0
0 0
0 0
0 0
0 0
0 0
0 0
0 0
0 0
0 0
0 0
0 0
0 0
0 0
0 0
0 0
0 0
0 0
0 0
0 0
0 0
0 0
0 0
0 0
1 0
0 0
1 0
1 0
2 0
0 0
3 0
1 0
2 0
0 0
5 0
0 0
0 0
0 0
0 0
0 0
0 0
0 36
0 33
0 38
0 37
0 34
0 30
0 0
0 0
0 0
0 0
0 0
0 0
0 0
0 0
0 0
0 0
0 0
0 0
0 0
0 0
0 0
0 0
0 0
0 0
0 0
0 0
0 0
0 0
0 0
0 0
0 0
0 0
0 0
1 0
2 0
0 0
3 0
1 0
2 0
0 0
5 0
0 0
0 0
0 0
0 0
0 0
0 0
0 36
0 33
0 38
0 37
0 34
0 39
0 0
0 0
0 0
0 0
0 0
0 0
0 0
0 0
0 0
0 0
0 0
0 0
0 0
0 0
0 0
0 0
0 0
0 0
0 0
0 0
0 0
0 0
0 0
0 0
0 0
0 0
0 0
1 0
2 0
0 0
3 0
1 0
2 0
1 0
6 0
0 0
0 0
0 0
0 0
0 0
0 0
0 36
0 33
0 38
0 37
0 34
0 39
0 0
0 0
0 0
0 0
0 0
0 0
0 0
0 0
0 0
0 0
0 0
0 0
0 0
0 0
0 0
0 0
0 0
0 0
0 0
0 0
0 0
0 0
0 0
0 0
0 0
0 0
0 0
0 0
1 0
0 0
2 0
1 0
2 0
1 0
5 0
0 0
0 0
0 0
0 0
0 0
0 0
0 36
0 40
0 38
0 37
0 34
0 39
0 0
0 0
0 0
0 0
0 0
0 0
0 0
0 0
0 0
0 0
0 0
0 0
0 0
0 0
0 0
0 0
0 0
0 0
0 0
0 0
0 0
0 0
0 0
0 0
0 0
0 0
0 0
0 0
1 0
0 0
2 0
1 0
2 0
1 0
6 0
0 0
0 0
0 0
0 0
0 0
0 0
0 36
0 40
0 38
0 37
0 34
0 39
0 0
0 0
0 0
0 0
0 0
0 0
0 0
0 0
0 0
0 0
0 0
0 0
0 0
0 0
0 0
0 0
0 0
0 0
0 0
0 0
0 0
0 0
0 0
0 0
0 0
0 0
0 0
0 0
1 0
0 0
2 0
1 0
2 0
0 0
5 0
0 0
0 0
0 0
0 0
0 0
0 0
0 36
0 40
0 38
0 37
0 34
0 41
0 0
0 0
0 0
0 0
0 0
0 0
0 0
0 0
0 0
0 0
0 0
0 0
0 0
0 0
0 0
0 0
0 0
0 0
0 0
0 0
0 0
0 0
0 0
0 0
0 0
0 0
0 0
0 0
1 0
0 0
2 0
1 0
2 0
0 0
5 0
1 0
1 0
0 0
1 0
0 0
0 0
0 36
0 40
0 38
0 37
0 34
0 41
0 0
0 0
0 0
0 0
0 0
0 0
0 0
0 0
0 0
0 0
0 0
0 0
0 0
0 0
0 0
0 0
0 0
0 0
0 0
0 0
0 0
0 0
0 0
0 0
0 0
0 0
0 0
0 0
1 0
0 0
1 0
1 0
2 0
0 0
4 0
1 0
1 0
0 0
1 0
0 0
0 0
0 42
0 40
0 38
0 37
0 34
0 41
0 0
0 0
0 0
0 0
0 0
0 0
0 0
0 0
0 0
0 0
0 0
0 0
0 0
0 0
0 0
0 0
0 0
0 0
0 0
0 0
0 0
0 0
0 0
0 0
0 0
0 0
0 0
0 0
1 0
0 0
1 0
1 0
2 0
0 0
4 0
1 0
2 0
0 0
2 0
0 0
0 0
0 42
0 40
0 38
0 37
0 34
0 41
0 0
0 0
0 0
0 0
0 0
0 0
0 0
0 0
0 0
0 0
0 0
0 0
0 0
0 0
0 0
0 0
0 0
0 0
0 0
0 0
0 0
0 0
0 0
0 0
0 0
0 0
0 0
0 0
1 0
0 0
1 0
1 0
1 0
0 0
3 0
1 0
2 0
0 0
2 0
0 0
0 0
left[stack[ss - 1]] = 42, stack[ss - 1] = 43, ss = 22
Query(42, 43)
nDistinct = 2
left[stack[ss - 1]] = 39, stack[ss - 1] = 42, ss = 21
Query(39, 43)
nDistinct = 4
left[stack[ss - 1]] = 39, stack[ss - 1] = 41, ss = 20
Query(39, 43)
nDistinct = 4
left[stack[ss - 1]] = 39, stack[ss - 1] = 40, ss = 19
Query(39, 43)
nDistinct = 4
0 42
0 40
0 43
0 37
0 34
0 41
0 0
0 0
0 0
0 0
0 0
0 0
0 0
0 0
0 0
0 0
0 0
0 0
0 0
0 0
0 0
0 0
0 0
0 0
0 0
0 0
0 0
0 0
0 0
0 0
0 0
0 0
0 0
0 0
1 0
0 0
1 0
1 0
1 0
0 0
3 0
1 0
2 0
1 0
3 0
0 0
0 0
0 42
0 40
0 43
0 37
0 34
0 41
0 0
0 0
0 0
0 0
0 0
0 0
0 0
0 0
0 0
0 0
0 0
0 0
0 0
0 0
0 0
0 0
0 0
0 0
0 0
0 0
0 0
0 0
0 0
0 0
0 0
0 0
0 0
0 0
1 0
0 0
1 0
0 0
0 0
0 0
2 0
1 0
2 0
1 0
3 0
0 0
0 0
0 42
0 40
0 43
0 44
0 34
0 41
0 0
0 0
0 0
0 0
0 0
0 0
0 0
0 0
0 0
0 0
0 0
0 0
0 0
0 0
0 0
0 0
0 0
0 0
0 0
0 0
0 0
0 0
0 0
0 0
0 0
0 0
0 0
0 0
1 0
0 0
1 0
0 0
0 0
0 0
2 0
1 0
2 0
1 0
4 0
0 0
0 0
0 42
0 40
0 43
0 44
0 34
0 41
0 0
0 0
0 0
0 0
0 0
0 0
0 0
0 0
0 0
0 0
0 0
0 0
0 0
0 0
0 0
0 0
0 0
0 0
0 0
0 0
0 0
0 0
0 0
0 0
0 0
0 0
0 0
0 0
1 0
0 0
1 0
0 0
0 0
0 0
2 0
1 0
1 0
1 0
3 0
0 0
0 0
0 45
0 40
0 43
0 44
0 34
0 41
0 0
0 0
0 0
0 0
0 0
0 0
0 0
0 0
0 0
0 0
0 0
0 0
0 0
0 0
0 0
0 0
0 0
0 0
0 0
0 0
0 0
0 0
0 0
0 0
0 0
0 0
0 0
0 0
1 0
0 0
1 0
0 0
0 0
0 0
2 0
1 0
1 0
1 0
3 0
1 0
1 0
0 45
0 40
0 43
0 44
0 34
0 41
0 0
0 0
0 0
0 0
0 0
0 0
0 0
0 0
0 0
0 0
0 0
0 0
0 0
0 0
0 0
0 0
0 0
0 0
0 0
0 0
0 0
0 0
0 0
0 0
0 0
0 0
0 0
0 0
1 0
0 0
1 0
0 0
0 0
0 0
2 0
1 0
1 0
0 0
2 0
1 0
1 0
left[stack[ss - 1]] = 45, stack[ss - 1] = 46, ss = 21
Query(45, 46)
nDistinct = 2
left[stack[ss - 1]] = 39, stack[ss - 1] = 45, ss = 20
Query(39, 46)
nDistinct = 5
left[stack[ss - 1]] = 39, stack[ss - 1] = 44, ss = 19
Query(39, 46)
nDistinct = 5
0 45
0 40
0 46
0 44
0 34
0 41
0 0
0 0
0 0
0 0
0 0
0 0
0 0
0 0
0 0
0 0
0 0
0 0
0 0
0 0
0 0
0 0
0 0
0 0
0 0
0 0
0 0
0 0
0 0
0 0
0 0
0 0
0 0
0 0
1 0
0 0
1 0
0 0
0 0
0 0
2 0
1 0
1 0
0 0
2 0
1 0
2 0
0 45
0 40
0 46
0 44
0 34
0 41
0 0
0 0
0 0
0 0
0 0
0 0
0 0
0 0
0 0
0 0
0 0
0 0
0 0
0 0
0 0
0 0
0 0
0 0
0 0
0 0
0 0
0 0
0 0
0 0
0 0
0 0
0 0
0 0
1 0
0 0
1 0
0 0
0 0
0 0
2 0
1 0
1 0
0 0
2 0
0 0
1 0
